1224597600 34736
1229565959 36485
1231552285 37624
1231553062 37624
1231962699 37638
1232058835 37640
1232064733 39433
1232064967 39433
1232145671 39433
1232489040 39284
1232518524 39284
1232578522 39282
1232612024 39610
1232612173 39610
1234309445 38643
1234558673 37609
1235069855 37730
1235144313 37808
1236063282 38571
1236117873 37808
1236133731 14
1236137548 38574
1236292478 38668
1236312044 38681
1236624734 38718
1236798718 38729
1236974664 38727
1237332764 38727
1237423188 38850
1237529336 38872
1237942351 38868
1237942458 38864
1237943555 38891
1237943606 38918
1237943872 38915
1237944561 38925
1237944577 38930
1237944578 38935
1237944822 38866
1237945334 38867
1237945431 38643
1237945471 38725
1237945483 38807
1237945621 38807
1237945635 38807
1237945654 38837
1237946090 38969
1237946166 38963
1237946178 38957
1237946289 38961
1237946336 38975
1237946577 38978
1237946837 38981
1237947871 38981
1237948129 38981
1237948497 38982
1237948553 38987
1237950927 39004
1237950946 39021
1237951001 39019
1237951016 39017
1237951086 39029
1237951098 39041
1237951799 39044
1237951832 39047
1237952969 39044
1237953075 39041
1237953588 39051
1237953769 39061
1237953770 38992
1237953992 38923
1237954227 38924
1237954416 38925
1237954534 38955
1237954804 38985
1237954979 39117
1237955124 39121
1237955151 39135
1237955286 39267
1237955365 39270
1237955471 39274
1237955508 39288
1237955575 39291
1237955731 39294
1237958504 39297
1237958635 39300
1237958989 39300
1237959095 39300
1237959201 39300
1237959459 39300
1237959480 39301
1237959518 39306
1237959662 39306
1237959872 39307
1237959897 39312
1237960321 39315
1237960348 39315
1238001493 39327
1238002467 39317
1238004535 39373
1238019250 39399
1238019737 39402
1238019764 39395
1238019807 39395
1238020096 39384
1238021538 39396
1238021608 39386
1238021672 39442
1238022382 39468
1238022748 39480
1238022832 39473
1238022962 39463
1238023108 39452
1238023166 39508
1238024880 39534
1238025869 39527
1238026573 39516
1238031454 39517
1238043269 39532
1238054151 39424
1238084005 39425
1238102933 39440
1238103033 39434
1238109417 39434
1238110106 39434
1238111145 39434
1238191164 39435
1238193072 39435
1238194546 39450
1238196101 39342
1238196934 39343
1238200904 39358
1238201034 39359
1238201123 39353
1238202323 39368
1238202984 39260
1238203109 39260
1238203346 39261
1238203573 39261
1238205212 39261
1238205905 39276
1238205984 39270
1238206629 39270
1238206760 39270
1238206969 39270
1238342119 39270
1238453547 39256
1238523077 39242
1238534441 39228
1238536445 39241
1238560466 39241
1238661423 39256
1238695256 39271
1238695336 39271
1238715562 39574
1238715736 39877
1238733726 39574
1238740277 39877
1238740349 39877
1239130109 39877
1239137706 39877
1239153315 39877
1239175838 39877
1239175912 39877
1239215032 39875
1239231576 39875
1239241410 39875
1239311012 39873
1239311041 39871
1239311103 39871
1239312712 39871
1239312762 39871
1239312791 39871
1239405927 40094
1239649218 39697
1239649774 39872
1239657268 40143
1239667730 40144
1239667808 40144
1239668179 40521
1239672244 40570
1239727016 40555
1239736243 40500
1239758295 40500
1239827420 40500
1239834306 40500
1239840560 40623
1239848773 40600
1239901334 40600
1239904234 40600
1239904623 40649
1239904698 40649
1239904866 40649
1239911259 40649
1239936705 40649
1239936728 39204
1239991169 40649
1240115330 39204
1240115400 39204
1240116300 39204
1240116372 39204
1240261675 39654
1240355053 39661
1240428836 39654
1240441892 39888
1240445558 39661
1240448219 39661
1240450398 39661
1240502353 39661
1240606502 39661
1240958920 39661
1240981049 39661
1241037808 39661
1241135314 39661
1241136644 39661
1241137472 39661
1241137936 39661
1241139242 39661
1241140384 39661
1241465987 39888
1241563444 39893
1242154849 39896
1242155793 39896
1242638233 39897
1242739250 39897
1242760921 40039
1242851022 40039
1242960692 40328
1243380978 39928
1243387960 39895
1243544515 39883
1243883410 40238
1244050753 40238
1244149340 40299
1244228981 40323
1244243073 40416
1244426691 40395
1244481965 41373
1244487002 40557
1244587506 40557
1244661968 40902
1244662328 40902
1244670421 40928
1244671892 40904
1244673171 40904
1244673230 40904
1244682438 40905
1244682475 40905
1244706308 40905
1244755183 40933
1244764176 40955
1245092170 41416
1245185769 41427
1245452380 41427
1245527283 41561
1245838051 43744
1245844158 41599
1245844754 41587
1245957290 41471
1246303869 41478
1246339482 41561
1246404994 41580
1246481352 41592
1246490207 41592
1246555366 41592
1246903350 41599
1246904675 41599
1246914336 41599
1246955782 41642
1247051005 41657
1247069682 41600
1247083102 41600
1247450783 44481
1247460979 41657
1247480295 43762
1247525317 43582
1247529572 43582
1247594157 43744
1247617607 43759
1247678895 43763
1247689524 43763
1247702936 43910
1247723055 44371
1247775219 43819
1247787897 43843
1247821338 44459
1247868860 43916
1247871752 44003
1247875036 44003
1247958296 44004
1248050958 47865
1248079528 44401
1248131511 44317
1248198073 44317
1248205502 44317
1248205998 44317
1248212614 44348
1248297157 44401
1248299187 44409
1248302051 44409
1248308963 44413
1248381116 44419
1248536529 53791
1248569283 44419
1248697295 44477
1248904626 44477
1248928455 44480
1248981106 44485
1248986807 44484
1248988173 44460
1248994527 44484
1248995169 44484
1249030371 44458
1249310747 44484
1249335012 44514
1249335319 44486
1249341108 44452
1249343662 44452
1249374196 44471
1249381502 44459
1249417190 44458
1249498676 44459
1249500512 44469
1249508511 44459
1249513698 44992
1249515828 44471
1249518886 44531
1249597946 44922
1249638828 44533
1249641640 44534
1249649243 45087
1249673836 44531
1249941903 44744
1250012064 44744
1250013016 44958
1250015101 45240
1250028267 44958
1250031586 44989
1250113738 45069
1250182895 45074
1250183177 45074
1250197366 45074
1250527724 45292
1250534215 45095
1250537643 45096
1250539356 45096
1250540123 45096
1250541315 45096
1250549074 45096
1250610235 53695
1250618456 45124
1250626613 45128
1250628173 45128
1250639110 45244
1250698596 45170
1250712498 45140
1250723858 45140
1250726073 45140
1250795106 45145
1250817709 45228
1250817911 45226
1250836193 45240
1250837584 45238
1250840998 45248
1250873145 45240
1250873285 45240
1250894110 45246
1250899711 45246
1251115643 45492
1251147416 45266
1251155986 45266
1251163619 45619
1251178627 45625
1251184864 45492
1251190544 45457
1251231955 45494
1251235357 45497
1251235898 45497
1251236977 45503
1251237400 45503
1251239757 45514
1251249884 45648
1251251640 45619
1251251816 45619
1251257348 45687
1251261540 45636
1251312388 45687
1251322803 45715
1251328249 45715
1251388729 45715
1251389373 46405
1251408813 45836
1251485516 45719
1251492798 45719
1251588817 45826
1251604671 45836
1251720419 45830
1251760139 45851
1251763750 53769
1251785334 45940
1251822134 45940
1251827893 45949
1251828601 46329
1251831084 45951
1251831832 45951
1251850769 46509
1251856073 46523
1251867601 46548
1251922090 46555
1251926982 46602
1251931699 46565
1251932104 46565
1251936900 46602
1251957623 46604
1251999679 46573
1252007839 46606
1252012394 46606
1252019297 46573
1252025191 46622
1252082792 46575
1252270471 46612
1252430846 46611
1252441370 46611
1252441509 46604
1252452551 47653
1252453107 47652
1252453491 47652
1252454670 47652
1252458537 47650
1252469598 47660
1252517363 47660
1252518858 47660
1252522626 47692
1252532038 47692
1252533380 47697
1252536013 47697
1252540995 47733
1252558327 47686
1252577605 47797
1252591983 47686
1252602450 47733
1252609065 47733
1252620205 47735
1252621607 47735
1252622623 47740
1252624583 47740
1252652237 47779
1252669860 47793
1252692339 47783
1252694231 47783
1252695466 47783
1252696604 47789
1252699273 47789
1252701837 47797
1252703828 47793
1252716372 47797
1252759171 47796
1252797370 47796
1252867936 47800
1252969429 47808
1252976147 47791
1252979248 47791
1253026645 47791
1253055292 47792
1253057329 47792
1253065788 47837
1253101284 48008
1253120320 47837
1253123881 47846
1253126440 47846
1253126976 47840
1253132920 47851
1253134779 47851
1253135093 47851
1253137332 47854
1253202013 47865
1253206564 47866
1253207524 47866
1253209513 47871
1253213762 47840
1253216626 47899
1253223260 47936
1253223597 47936
1253223879 47936
1253224390 47936
1253224739 47936
1253225037 47936
1253225520 47936
1253226618 47941
1253227782 47941
1253228166 47941
1253230690 47966
1253256034 47973
1253285562 47973
1253290265 47973
1253290890 47973
1253292226 47975
1253293337 47975
1253293691 47979
1253294908 47979
1253307381 48005
1253308381 48008
1253327870 48005
1253328415 48005
1253346684 48045
1253398940 48045
1253399271 48045
1253468577 48046
1253483405 48046
1253507512 48023
1253515406 48011
1253552800 48011
1253564804 48050
1253566739 48050
1253567070 48050
1253567567 48050
1253567930 48050
1253569205 48050
1253569208 48050
1253576846 48050
1253577881 48050
1253646029 48059
1253651534 48059
1253658274 48076
1253664476 48149
1253665435 48076
1253698778 48088
1253726956 48149
1253728191 48149
1253738820 48154
1253758762 48154
1253760351 48154
1253802979 48154
1253818822 48164
1253820226 48164
1253826581 48174
1253829341 48177
1253835884 48177
1253855261 48174
1253855562 48174
1253863413 48174
1253892285 48174
1253892769 48174
1253904241 48206
1253917759 48174
1253919958 48174
1254022307 48206
1254022787 48206
1254089446 48208
1254089493 48216
1254091552 48216
1254095637 48216
1254095648 48216
1254097685 48219
1254099134 48221
1254103981 48221
1254106558 48219
1254160135 48266
1254164635 48266
1254172507 48267
1254172707 48266
1254173525 48266
1254177439 48267
1254177803 48267
1254177841 48266
1254178802 48266
1254179315 48266
1254208802 48266
1254209190 48266
1254242866 48267
1254244764 48267
1254249415 48272
1254250612 48272
1254255806 48273
1254256643 48273
1254257281 48322
1254257614 48273
1254258285 48273
1254258837 48273
1254267637 48322
1254267801 48302
1254268130 48302
1254270628 48316
1254271515 48328
1254271605 48316
1254271882 48316
1254272677 48328
1254272970 48328
1254273113 48328
1254285084 48328
1254285337 48328
1254285635 48328
1254298541 48328
1254299780 48328
1254330074 48328
1254330560 48328
1254331103 48315
1254334806 48315
1254335307 48315
1254343521 48324
1254346286 48324
1254382669 48324
1254382997 48324
1254383534 48324
1254441689 48311
1254468967 48311
1254470328 48311
1254506239 48310
1254775858 48310
1254782888 48310
1254843642 48310
1254852458 48319
1254853270 48319
1254873219 48318
1254894329 48321
1254934928 48327
1254936962 48327
1254940595 48327
1254940672 48327
1254940692 48327
1254940803 48327
1254941277 48327
1254941363 48327
1254941544 48327
1254941669 48327
1254942141 48327
1254942152 48327
1254942545 48327
1255026952 48337
1255029489 48337
1255039363 48337
1255040353 48337
1255105038 48385
1255129136 48390
1255130328 48390
1255130332 48390
1255372317 48401
1255375733 48401
1255548742 48401
1256079300 48392
1256094088 48392
1256147194 48128
1256153018 48128
1256229842 48128
1256235400 48128
1256237317 48131
1256251028 48131
1256323972 48132
1256332681 48132
1256335188 48132
1256335671 48132
1256582778 48138
1256588399 48138
1256789951 48138
1256798122 48138
1257276568 48138
1257321601 48150
1257379035 48150
1257402156 48160
1257438775 48160
1257452895 53598
1257458764 48161
1257464160 48285
1257466764 48161
1257473023 48285
1257488628 48294
1257532149 48294
1257536548 48178
1257537109 48178
1257537593 48178
1257551281 48193
1257554456 48193
1257559081 48299
1257703900 48295
1257727946 48295
1257728962 48295
1257729036 48296
1257731725 48296
1257793519 48297
1257796622 48297
1257796626 48297
1257797090 48302
1257799716 48302
1257800529 48302
1257800683 48302
1257811841 48302
1257814579 48285
1257815862 48285
1257829921 48288
1257832550 48288
1257871567 48288
1257904258 48288
1257911501 48288
1257957079 48288
1257957399 48288
1257978850 48289
1257980305 48289
1257989815 53920
1258043604 48289
1258065662 48328
1258080371 53599
1258084139 53598
1258133439 53598
1258136237 53598
1258137778 53598
1258137782 53598
1258146780 53598
1258156924 53598
1258161790 53598
1258161945 53598
1258163342 53598
1258163612 53598
1258304732 53598
1258315611 53598
1258322803 53598
1258502444 53597
1258518316 53597
1258562912 53597
1258661277 53604
1258688639 53604
1258689812 53588
1258758140 53588
1258841433 53588
1258997339 53588
1259609879 53588
1259611564 53588
1259687197 53588
1259697526 53596
1259714423 53595
1259716237 53595
1259716242 53595
1259772599 53595
1259793237 53597
1259794629 53595
1259795671 53595
1259799561 53597
1259799820 53597
1259859602 53597
1259883058 53597
1259885196 53597
1259947456 53597
1260408434 53597
1260410985 53597
1260464508 53597
1263336037 53605
1263338355 53643
1263345907 53643
1263430812 53643
1263856478 53653
1263924805 53653
1263936100 53653
1264095904 53653
1264098756 53653
1264104177 53653
1264497780 53647
1264522723 53647
1264547764 53647
1264802966 53647
1265386180 53647
1265388583 53647
1265910105 53666
1266455305 53668
1266814746 53769
1266819547 53927
1267049583 53920
1267049592 53920
1267078636 53846
1267322306 53848
1267695688 54236
1267700791 54234
1267712671 54291
1267729572 54312
1267729595 54340
1267774766 54342
1267803843 54356
1268076240 54659
1268239242 54342
1268240239 54324
1268635398 54333
1268641185 54363
1268644643 54379
1268740099 54700
1268740560 54468
1268748128 54659
1268836097 54659
1268836921 54665
1268838377 54676
1269045427 54676
1269185538 54676
1269187128 54773
1269211864 54856
1269288036 54788
1269288521 54848
1269303180 54828
1269536806 54828
1269562218 54855
1269979373 54855
